camera_matrix:
- - 12556.091287529625
  - 0.0
  - 452.1834119423003
- - 0.0
  - 19795.981335905333
  - 3850.491744597052
- - 0.0
  - 0.0
  - 1.0
dist_coeff:
- - 2.0807994338342506
  - -7.5847977168643474
  - 0.6324170132104647
  - 0.024565989156404136
  - 16.391864799238306
